69,5
69,4
69,3
69,1
69,0
0,608
68,30
67,310
67,309
0,607
67,308
0,606
67,307
67,306
0,605
67,305
0,604
67,304
67,303
0,603
67,302
0,602
67,301
0,601
67,300
67,299
0,600
66,20
67,298
0,599
67,297
68,29
67,296
0,598
67,295
0,597
67,294
0,596
67,293
67,292
0,595
67,291
0,594
67,290
67,289
0,593
67,288
0,592
67,287
67,286
0,591
68,28
67,285
0,590
67,284
67,283
0,589
67,282
0,588
67,281
67,280
0,587
67,279
0,586
67,278
67,277
0,585
67,276
65,9
0,584
67,275
67,274
0,583
67,273
0,582
67,272
67,271
0,581
67,270
0,580
67,269
68,27
67,268
0,579
67,267
0,578
67,266
67,265
0,577
66,19
67,264
0,576
67,263
67,262
0,575
67,261
0,574
67,260
0,573
67,259
67,258
0,572
68,26
67,257
0,571
67,256
0,570
67,255
67,254
0,569
67,253
0,568
67,252
68,25
0,567
67,251
67,250
0,566
67,249
0,565
67,248
67,247
0,564
67,246
0,563
67,245
67,244
0,562
67,243
0,561
67,242
67,241
0,560
66,18
67,240
0,559
67,239
67,238
0,558
67,237
0,557
68,24
67,236
0,556
67,235
67,234
66,17
0,555
67,233
0,554
67,232
67,231
0,553
67,230
0,552
67,229
67,228
0,551
67,227
0,550
67,226
67,225
0,549
67,224
0,548
68,23
67,223
67,222
0,547
67,221
0,546
67,220
0,545
67,219
0,544
67,218
67,217
0,543
67,216
0,542
67,215
68,22
67,214
0,541
67,213
0,540
67,212
67,211
0,539
67,210
0,538
67,209
66,16
66,15
0,537
67,208
67,207
0,536
67,206
0,535
67,205
67,204
0,534
67,203
68,21
0,533
67,202
67,201
0,532
67,200
0,531
67,199
67,198
0,530
67,197
0,529
67,196
0,528
67,195
67,194
0,527
67,193
0,526
67,192
67,191
0,525
68,20
67,190
0,524
67,189
67,188
0,523
67,187
0,522
67,186
67,185
0,521
67,184
0,520
67,183
67,182
66,14
0,519
66,13
67,181
0,518
67,180
67,179
0,517
67,178
0,516
67,177
67,176
0,515
65,8
67,175
0,514
67,174
67,173
0,513
68,19
67,172
0,512
67,171
67,170
0,511
67,169
0,510
67,168
67,167
0,509
67,166
0,508
67,165
0,507
67,164
68,18
0,506
67,163
67,162
0,505
67,161
0,504
67,160
0,503
67,159
67,158
0,502
67,157
68,17
0,501
67,156
67,155
66,12
0,500
67,154
0,499
67,153
67,152
0,498
67,151
0,497
67,150
67,149
0,496
67,148
0,495
67,147
67,146
0,494
67,145
0,493
67,144
67,143
0,492
67,142
0,491
68,16
67,141
67,140
0,490
67,139
0,489
67,138
67,137
0,488
67,136
0,487
67,135
0,486
67,134
67,133
0,485
67,132
